12022010021 0.405
2001020002 0.4995
2202010121 0.55
12021122002 0.45
22000100002 0.498109
21020022 0.45
20000201011 0.50095
20010020002 0.502855
20000000001 0.494947
21102212010 0.405
21012020022 0.215234
21002210010 0.495
21200010211 0.45
20000000010 0.495405
12002000021 0.467508
10122120201 0.67195
20000000002 0.492898
2002000120 0.320841
20211221001 0.6355
21020000011 0.45
11020200202 0.55
20020001022 0.501225
21102122010 0.45
12102200022 0.141215
1001222000 0.517195
21200000010 0.495
2102210000 0.45
12120020012 0.5221
2000002 0.39711
22122101020 0.3645
2102010 0.4905
20000000011 0.487182
20000000020 0.496294
20211200001 0.45
20000000012 0.494425
22000120 0.449955
20001020012 0.5005
2000 0.497166
22010000002 0.4995
2002121022 0.405
12202001010 0.4545
202000120 0.495807
22002121102 0.6355
21011222002 0.3645
10000002201 0.4995
12221210021 0.45
21212000012 0.45
12212000012 0.45
21022100022 0.239148
12102020022 0.34456
21022000112 0.213665
10012222102 0.45
200020 0.499325
2000022 0.379629
2000201022 0.501719
2002110 0.405
21002000022 0.27736
22110122011 0.55
22121000020 0.760852
22112120022 0.67195
2102021012 0.522942
12210122011 0.55
200000012 0.49455
20000021010 0.456972
10022020102 0.51355
22100000010 0.4995
22121001 0.45
10002200001 0.474255
20000020 0.494827
22100000011 0.537991
21012020021 0.215234
202001000 0.49545
2222101120 0.595
12020000011 0.508678
20122100020 0.495
20002112010 0.45
21000020011 0.45
21202100010 0.45
21120000211 0.505
2001000200 0.495
20102002101 0.50855
22112000012 0.263063
2000000000 0.476802
20210020101 0.45
20002100002 0.495
10002020022 0.328673
22112000020 0.256817
212200100 0.465475
2210022 0.405
22112120021 0.45
20022101001 0.48645
11222000021 0.3645
11221020221 0.595
200000022 0.495
22112210021 0.092651
21020210011 0.505
20000012001 0.4995
22001000002 0.526182
12202000110 0.46855
12002200102 0.45
22000100020 0.45
1200000211 0.49905
12122000021 0.3645
2012000000 0.475573
21020200102 0.45
22100002 0.510679
12100022012 0.495
22102100021 0.495
22112201020 0.295245
2021012 0.311551
12212001220 0.6355
12210020011 0.51805
20000201001 0.49905
22121000012 0.45
22120100011 0.45
12122000020 0.3645
122000000 0.495855
2102200121 0.261562
2002211000 0.465475
20012020102 0.514472
21002210021 0.4545
12002000022 0.292127
22000010002 0.492627
20002000101 0.495
22120010011 0.67195
2000000002 0.479124
12002221110 0.215234
12002000010 0.245899
10222011201 0.405
22020001102 0.505
12202000112 0.495
12200000010 0.495
20002120101 0.45
2012020100 0.45
2011 0.500377
21000020022 0.48324
21002012010 0.48645
22102100020 0.4545
20000000 0.502624
20000001 0.498645
12201122010 0.67195
12222001112 0.45
20000002 0.498087
20000011 0.499686
22001020102 0.45
21202010010 0.49145
22120101 0.45
22102121010 0.405
21020001 0.45
20000012 0.499505
2102000020 0.315597
20000021002 0.447014
20000021 0.495344
20212100001 0.45
10000200201 0.45
22012100020 0.239148
20000022 0.48812
12002012 0.49005
200021000 0.49905
12020000002 0.495
12020000012 0.495998
22002001112 0.45
11200202010 0.505
1102022000 0.595
1200200020 0.496219
2000010202 0.505
11221202020 0.45
1200000200 0.449746
10012020201 0.45
20102102001 0.45
2122000100 0.45
2012200121 0.503645
12122120022 0.73428
102202100 0.45
2210002 0.490905
12002120002 0.32805
200002 0.502067
2000020 0.379654
22021102102 0.55
2012200100 0.429295
20002001020 0.495
2020121 0.32805
202000110 0.45
12020000021 0.498606
20022010102 0.412695
20001020022 0.48645
12022000121 0.24154
22000121022 0.405
20102200101 0.405
12122000012 0.371426
20020001020 0.50389
12122000022 0.3645
20202001120 0.55
20011022001 0.492673
100022000 0.4995
22122001112 0.67195
2020100002 0.523998
2120000011 0.518928
22102101 0.4995
10000202001 0.509905
2000000 0.449501
20001 0.478051
211 0.495018
2001002000 0.503967
2000001 0.311102
2121200000 0.514
12002000012 0.0975074
21212000020 0.479771
2001022100 0.595
12200020110 0.45
2102001212 0.133172
2000010 0.283804
2000012 0.324284
2122010000 0.215234
2120010211 0.55
22000021112 0.45
11221020212 0.45
12010022002 0.45
2000021 0.366722
11222000020 0.3645
10221221001 0.55
12002000002 0.209078
102020001 0.441418
11220000212 0.495
12002000020 0.127093
22000021111 0.405
1022000000 0.495
2022 0.499455
22102211010 0.45
22012001020 0.405
10002020001 0.32805
10002020002 0.524352
10202210001 0.45
20002000102 0.49145
2120000000 0.495405
1220021 0.505193
10002020010 0.447169
22012000102 0.3645
10002020012 0.416166
2001000202 0.49581
22021000102 0.40905
20002100001 0.495
10002020021 0.287097
21002120002 0.3645
21002000002 0.278361
112020221 0.208982
12121220022 0.595
12002200110 0.48611
21001020202 0.45
210020022 0.4905
2000000020 0.48109
11222100221 0.45
200000 0.499372
20002001010 0.49905
12020000 0.265537
21002000010 0.266445
21002000012 0.274593
20122000112 0.55
20211020001 0.579305
21002000020 0.270794
21002000021 0.26524
10212000212 0.5095
12020002 0.260453
2202100121 0.26572
21122000012 0.239148
21122000020 0.26572
20000102001 0.49828
22120100020 0.526085
21200120022 0.45
102120210 0.40095
21122000021 0.26572
21211022012 0.67195
202010021 0.508819
21122000022 0.26572
202100000 0.499806
20102000001 0.475024
21022102102 0.595
20011020202 0.50561
12121002212 0.45
10022011 0.495855
20102012001 0.453402
10022112202 0.0833859
20202011022 0.595
2100000220 0.4995
20102000010 0.474729
20102000012 0.468346
20012210002 0.469371
12000002002 0.450855
2102000012 0.103227
20102000020 0.480047
20102000021 0.494267
21202001022 0.517645
20102000022 0.503101
10120022001 0.595
12022000120 0.239148
12122020112 0.6355
20002000110 0.495
20002000112 0.497247
20002100020 0.495
20002000120 0.493621
20022110021 0.405
12122100220 0.45
20210120021 0.45
22010100211 0.55
20002000121 0.52088
2122000112 0.595
21210000212 0.45
211202000 0.517195
1200000220 0.495
21202000110 0.481572
20021 0.474679
21202000112 0.482805
22121001212 0.45
102000212 0.405
20011022012 0.55
21212200121 0.26572
12002020 0.495
2122021112 0.67195
2000000010 0.480695
12121022012 0.45
11020002202 0.55
10210020201 0.45
12012020002 0.156905
222010100 0.462195
20012000001 0.4995
20012000002 0.4995
2002100010 0.301708
2000001211 0.490905
20012000012 0.45045
2102001 0.499964
2002210110 0.495
22001000021 0.45
102020000 0.456921
22102010012 0.263063
20001200022 0.50095
21212000021 0.40095
20112002022 0.405
10221020022 0.6355
20100020012 0.406098
11220120211 0.45
21222100121 0.32805
21212000022 0.441872
21212210021 0.32805
12121200220 0.6355
20002100010 0.495
21200121210 0.45
22102000112 0.6355
20002010012 0.4905
20002100021 0.494145
12120002011 0.5095
1022120000 0.4545
202001012 0.45
20002100022 0.50045
2120001 0.458221
12200021012 0.4905
21202100020 0.446355
11221022012 0.45
21202100021 0.478305
22111002212 0.6355
21202100022 0.4905
1002020010 0.463279
20002010001 0.49217
120200 0.495
2021001 0.314145
20002010002 0.492476
20122100001 0.45
20002010010 0.485864
1200000210 0.495
10200002001 0.5005
1200000221 0.495
20002010021 0.467575
10200020001 0.450855
102020010 0.447516
20002010022 0.498524
12001022010 0.517195
21202010012 0.45
102122022 0.6355
20000002102 0.495
1022010 0.4995
2201000020 0.45
21202010021 0.483171
21001002202 0.495
2020001000 0.5005
1221202 0.505
20000021022 0.46172
20022 0.483143
22000121002 0.405
12202010022 0.5095
22002110010 0.239148
12220001011 0.510771
22102010022 0.239148
22010021011 0.455
22101020010 0.517195
22000102 0.30112
21120200020 0.505
200001201 0.5095
20200010001 0.49545
12220001020 0.51355
21211220021 0.760852
20201001 0.495
20102120022 0.6355
21110220221 0.45
20000010210 0.45
20001022101 0.495
12221201022 0.6355
20002120102 0.595
21002210002 0.45
20002001001 0.4995
20002001002 0.4995
122020121 0.45
20002001012 0.49095
21220010021 0.495
20002210121 0.595
20000012010 0.495
12102200020 0.183164
21202001010 0.495
11220000211 0.45
21202001012 0.495
2020102 0.494212
11221002220 0.405
2212210100 0.55
21202001020 0.495
21200210021 0.51355
21212201020 0.3645
21212201022 0.405
21002021010 0.239148
22102000110 0.45
20012020112 0.4545
12101222010 0.45
2102000021 0.450438
10122122001 0.6355
21212002112 0.45
10200020012 0.495
20002112001 0.495
2002120100 0.45
22000100 0.4914
10002200022 0.454495
20020121 0.405
21200021011 0.595
21121202022 0.45
22000101 0.486
22120110211 0.55
201200010 0.496548
10200200010 0.514
21202112010 0.3645
22000112 0.49958
1022000 0.496143
2022010112 0.51355
2120021 0.476843
22000121 0.491875
22012210121 0.67195
12022000102 0.239148
1002020012 0.460098
12022000112 0.246108
22112000021 0.263027
11222010221 0.45
22112000022 0.239148
12000200 0.501355
12102200010 0.148664
2002210100 0.4545
200001 0.496657
10020202 0.49905
12102020012 0.32805
200010 0.499198
12102200021 0.148889
200011 0.499461
10202201001 0.45
200021 0.499302
20001020010 0.512515
2022001120 0.704755
200022 0.4995
12000200002 0.477022
102200021 0.495
202 0.495
12000200010 0.496855
2022110021 0.510497
12210200011 0.45
20000012002 0.495
1200000212 0.495
20002021112 0.4545
21002201002 0.45
21201020010 0.530585
22100021010 0.499074
21200100210 0.45
12120200011 0.527928
2011022000 0.495
21002012002 0.495
12121202020 0.73428
21200120010 0.405
12200000011 0.506548
12121202022 0.55
10201220010 0.45
22102001012 0.4455
22122101022 0.843095
1122002000 0.55
12010022011 0.505
22012100002 0.24154
20000021012 0.456048
2102201010 0.5
22012100021 0.239148
12022010022 0.4545
22012100022 0.239148
22102001022 0.504124
2020010000 0.5005
20102200110 0.497343
2000000022 0.482506
1220021011 0.55
2012000002 0.453567
2012000012 0.476572
20102210022 0.45
2012000020 0.474255
2012000021 0.474255
21012002012 0.495
21110222011 0.45
12212100220 0.595
22112021012 0.3645
2012000022 0.470205
21002021012 0.26572
12212000020 0.6355
12102000212 0.4455
22000001010 0.45
12002001210 0.513122
22100120010 0.51355
20000 0.485188
1202001 0.504729
20002 0.481752
201022100 0.55
20010 0.460398
20011 0.500466
20102200121 0.4905
201 0.494749
20012 0.454644
2102021010 0.495
21022000102 0.233388
10000020202 0.4995
12000020002 0.4995
12000020010 0.49095
21000000202 0.5005
12002120010 0.3645
21022100002 0.239148
20010020001 0.49545
211220001 0.413485
12200001211 0.45
11200220010 0.45
1202012000 0.503953
20022110002 0.476123
1222001012 0.4905
21210020011 0.5095
10022120001 0.45
22010000012 0.4545
20120021 0.32805
20000002101 0.4995
2202010100 0.45
2021022 0.301236
20221001001 0.55
1202200110 0.495
20100020021 0.360855
2221110 0.495
10202010201 0.45
12001020210 0.495
21200002110 0.495
21002120021 0.3645
12112220022 0.45
10220000011 0.51259
2100020010 0.502183
202000100 0.49113
2001 0.499964
12222101022 0.0154516
2000001212 0.494145
200000011 0.494955
2002 0.495757
20121200020 0.55
12022010012 0.496744
2102000010 0.332732
10122122022 0.55
2010 0.49905
2102000000 0.257853
2012 0.499865
22100001211 0.495
220001000 0.497333
2020 0.491004
2020110 0.239148
12000002010 0.5005
21022001020 0.45
12202100021 0.45
2000000011 0.485761
10202000001 0.45
20221000120 0.45
2222111022 0.760852
10022000002 0.432839
2002021102 0.476619
2201000012 0.495
200000001 0.4968
212 0.495
20000100201 0.45
10220120001 0.32805
2122001020 0.26572
20102120010 0.45
1202000012 0.497831
10220120022 0.45
2210021 0.496219
21201002010 0.495
200 0.494732
12000221002 0.495
11220020012 0.45
20202101010 0.405
210 0.49374
220 0.495617
221 0.497912
12011222002 0.45
12000000202 0.49995
2021000000 0.522465
21102020010 0.295245
21002200120 0.45
12120000211 0.5045
2201000 0.49645
10200020022 0.495
21110220211 0.405
20010000201 0.4905
12012200020 0.595
1020202 0.495
22000021102 0.405
10022001 0.4995
10020000202 0.505
20010000220 0.45
122000022 0.45
21210000211 0.45
10022020101 0.405
22000100011 0.45
21222110021 0.405
21210000220 0.45
21002102022 0.511243
22100000 0.495
10200000212 0.499795
12001022002 0.495
12200100210 0.505
21212012012 0.3645
20100002001 0.494965
12120122022 0.595
10020000201 0.495
10020020001 0.495
202210100 0.462195
22111022012 0.6355
22012121022 0.174339
11220020011 0.5221
10220120021 0.495
22010100202 0.45
22000000111 0.490905
10202000012 0.495
20012200101 0.4905
22000010012 0.45
12102000210 0.4955
12102000220 0.495
2122010012 0.233816
122120000 0.536721
20012020101 0.45
211220021 0.4995
12112020212 0.405
21012002002 0.495
21222101020 0.32805
21121200220 0.595
10201202001 0.51355
20202010101 0.51805
12200021010 0.45
2100200011 0.5059
2000000012 0.482477
21002102002 0.495
200000021 0.492478
2000000021 0.479306
20202110022 0.45
21200120021 0.45
202011200 0.5095
21200001210 0.45
20200001001 0.511386
21200001211 0.595
20000001201 0.505
12002000 0.45
22012000121 0.405
2122010021 0.22364
20222101120 0.55
10201022010 0.45
2221100 0.486
12211022012 0.704755
200000010 0.49046
10022002 0.5005
21020002 0.45
11212202020 0.6355
10200200001 0.49545
12020120002 0.5045
21220000111 0.4545
22000100021 0.45
21220100021 0.482805
11220200011 0.4995
12021020022 0.6355
12120020011 0.495
1020020000 0.50221
21000021212 0.495
20212001001 0.4905
2002001010 0.4905
12021020012 0.495
11221220021 0.67195
10002200020 0.45045
12122010221 0.3645
102000200 0.500349
10022000 0.495
20001020001 0.364865
2112200 0.45
12121022022 0.6355
21001202002 0.5095
2002211010 0.519828
21000020002 0.45
21000020010 0.48118
21000020012 0.478305
22000120102 0.55
22101020021 0.45
21000020021 0.4545
20100020001 0.405
20100020010 0.503254
22001002 0.495
12220121 0.0456713
12201020012 0.550572
20001020002 0.405
10201022001 0.514
12211220021 0.45
2001020000 0.511189
21200000012 0.49828
20102020101 0.405
12201020010 0.495
21000022112 0.495
22002010102 0.45855
12211220022 0.67195
22120001011 0.4545
2102000022 0.0839101
20000120001 0.495
11202002020 0.51201
10021022001 0.472478
21022001012 0.4905
20000120022 0.505
20000010201 0.495
21200120011 0.45
2000001202 0.495
20000021001 0.45045
21012221002 0.45
2101022000 0.5095
202100001 0.49919
12202100020 0.495
20000021011 0.405
12002021010 0.0823117
21200021010 0.45
2002000110 0.465365
21012212002 0.45
2101220022 0.495
22101220121 0.45
2002100021 0.30243
200000000 0.49655
20001221001 0.55
20020010002 0.495
200000020 0.494591
2002210121 0.55
2002211002 0.45
10002200010 0.511487
20022100102 0.6355
2001122000 0.51355
12221000022 0.6355
212000000 0.5095
10120020201 0.55
12221120022 0.73428
10012220021 0.4905
22102210121 0.6355
10022100201 0.50405
21222011012 0.45
22110120211 0.55
10020020002 0.510269
20210000001 0.4995
21222001112 0.45
2012000 0.3645
21211020212 0.704755
10220020112 0.505
202010000 0.499401
10200020011 0.507633
22011020012 0.55
22012010022 0.405
21000221010 0.495
12220011211 0.45
20000012011 0.50405
11000222002 0.55
2020100000 0.493288
20012200120 0.500834
102200001 0.495
20020001001 0.49455
1002212010 0.5045
20022011001 0.45855
20020001002 0.49545
2102001220 0.114384
2222110121 0.6355
2002000121 0.530188
20020001011 0.4905
22000010011 0.4455
20020001012 0.499864
22120112011 0.55
20020112 0.45
21002200110 0.485697
20220001101 0.512695
21222001120 0.67195
12121020212 0.45
22102001010 0.405
22000100010 0.495
10020200001 0.49995
10020200002 0.505
12222011022 0.872907
2010020000 0.495855
12002010202 0.495
21002221110 0.45
20212100020 0.45
2120010 0.4455
11221202022 0.67195
12102120210 0.405
10120202001 0.55
20000000021 0.49969
10012200201 0.45
20000000022 0.494267
21210221011 0.55
20200010010 0.45
20011020201 0.42523
22021010002 0.55
2020000100 0.505
2022011000 0.495
2122021100 0.405
12002021012 0.178429
20000010202 0.495
22100010221 0.505
21220010011 0.505
22110002011 0.5095
2002000100 0.468281
20101220001 0.45
1002200 0.499905
2122001022 0.305398
21221210021 0.6355
20001022102 0.4545
21010020202 0.495
2110022000 0.45
220001001 0.497426
220001011 0.505
211020201 0.45855
12202001020 0.77481
1122102200 0.55
1021202000 0.51355
20120000001 0.495
12220000111 0.595
22100012010 0.45
21112220021 0.45
20120000011 0.515646
21011220221 0.6355
102020022 0.486834
12102020010 0.239148
21220100020 0.4905
102120221 0.405
1022122100 0.45
12012220102 0.0443147
21220001011 0.6355
2102022 0.367817
20210021001 0.3645
2000120000 0.495
2000120002 0.500855
201200000 0.496843
12200120010 0.45
2102121210 0.45
2002100000 0.303563
12200120011 0.505
20020010001 0.4995
112221201 0.45
20020010011 0.505405
22110020012 0.505
12220120111 0.55
12210200020 0.55
21222011022 0.704755
21012020002 0.206384
20001002001 0.4995
20012021012 0.495
21012020012 0.215234
12200021022 0.505
20001000210 0.505
22011000212 0.595
200120000 0.5005
21020000 0.512971
12021020002 0.495
22012001002 0.44145
21020012 0.45
21000202 0.495
21020021 0.45
10200020010 0.45
11202000210 0.45
10200020021 0.495
2002001000 0.496002
21002020110 0.32805
2102200100 0.215234
1202012010 0.49145
21010022002 0.495
21020210002 0.45
21112022012 0.45
2120000 0.470205
12002002 0.495
122000001 0.4905
22100021011 0.45
20020100 0.498657
12122001220 0.0261674
20020101 0.45
21122012022 0.295245
20020102 0.45
2012002 0.48679
20020111 0.45
10221020012 0.505377
12020020102 0.505
102002022 0.32805
21102220121 0.295245
20102200120 0.462195
10002200002 0.441043
22002110002 0.239148
10002200021 0.491893
11202200010 0.405
12201000210 0.45
11202200020 0.405
2021000 0.292038
11202200021 0.45
21201122010 0.55
12020022 0.254315
22000211002 0.505
11202200022 0.45
20011022002 0.495
12022110202 0.102946
20022010112 0.5095
10020200 0.49536
12222100120 0.0547095
10020201 0.4995
21002200102 0.405
11220221011 0.55
12012200002 0.45
21102200020 0.45
12010020211 0.4995
12211020212 0.6355
10220000001 0.495
2200001011 0.45
10202010210 0.67195
12020012 0.284148
12012020012 0.156905
1211222000 0.45
2222110100 0.45
12012020021 0.156905
1022122102 0.55
12012020022 0.146686
210020000 0.365816
12101220210 0.45
210020001 0.450855
210020011 0.496079
2101200200 0.5095
20201000 0.495
21002021002 0.244758
210020012 0.446805
1002220100 0.45
210020021 0.48195
12020001 0.2626
2002011200 0.545017
12020021 0.264757
20212010022 0.45
1020200 0.49955
22100021012 0.45
22100021022 0.45
21121202020 0.595
21002200121 0.415975
20121002012 0.4545
2112021212 0.45
10221120201 0.45
112020200 0.174339
10221020001 0.495
2011022002 0.45
20112020001 0.45
11222012022 0.405
20112020012 0.462195
20112020021 0.48645
20112020022 0.505833
20022100101 0.45
22110020022 0.50561
12120122011 0.45
102020012 0.463139
102020021 0.453402
12102020021 0.496236
20120000 0.492452
11212002212 0.45
20120001 0.45
20120002 0.45
20120011 0.410719
10012020202 0.45
22111200220 0.6355
20120022 0.45
22000121010 0.405
22000121011 0.405
22000021110 0.405
11200220011 0.45
11200020211 0.495
11221022022 0.67195
10220120011 0.514927
12200021011 0.495
10002220110 0.25669
10020220101 0.505
2002210102 0.45855
2022010102 0.462195
11220220111 0.55
10201220001 0.460328
10201020212 0.5045
12201120210 0.67195
10022000022 0.44673
10221122001 0.45
10221122022 0.595
11201222010 0.45
22001020 0.45
11201222022 0.67195
21210212011 0.45
22000100022 0.45
21000002002 0.4995
22112020112 0.760852
22010021012 0.45
21000022102 0.405
202000101 0.498107
20000010211 0.505
10221221022 0.55
12002120021 0.331695
12002120022 0.3645
12002021002 0.499329
10000022002 0.50995
12002021022 0.143446
12122021022 0.0125158
22102001020 0.45855
12002020102 0.5095
20102012022 0.45
22001001 0.495
20102210001 0.45
12200001220 0.495
11200020221 0.505
20021102022 0.505
1000022000 0.45
12021000202 0.520476
20012021001 0.405
21200201010 0.4905
20012021002 0.4905
21200122110 0.45
21000221002 0.45
1222001022 0.45
20122010001 0.45
1102020200 0.595
20102021012 0.239148
1002212000 0.45
22102100010 0.45
20122010012 0.462195
20122010021 0.45
20100000201 0.45
22000000120 0.45
2000021000 0.4995
20202100110 0.405
22001201002 0.506233
22012120102 0.55
11222000022 0.3645
12222010112 0.45
2012211200 0.595
22102100 0.45
22110201 0.206905
20202001110 0.45
12002001 0.499591
20001002010 0.499515
12002022 0.45
21201120210 0.55
202001001 0.501315
2102120021 0.4905
11222000012 0.37305
2021002 0.317546
10000220002 0.5045
2021010 0.295245
22012001012 0.405
22012001022 0.45
20010021201 0.505
21210021211 0.55
11220002011 0.514
21200000011 0.503914
22102102 0.55
21201200010 0.45561
2022100102 0.55
20110220001 0.4955
20010221001 0.4995
12201021210 0.45
10211222022 0.595
12202000121 0.45
2022110000 0.436072
11202102210 0.45
2001000210 0.505
2010201200 0.45
202000112 0.45
11002202002 0.6355
2001000212 0.500295
21012221022 0.45
2210000 0.505
20210021011 0.405
20210021012 0.405
211020200 0.462195
20210021022 0.405
221000 0.4995
102200000 0.484475
221001 0.4995
10100202201 0.55
22002121110 0.45
12120221022 0.45
221000000 0.51355
22110000221 0.45
12122010212 0.32805
21002021022 0.26572
10020002001 0.5014
2102210010 0.464121
2202010110 0.45
22102010010 0.267787
20102021001 0.239148
22102010021 0.263063
20200211001 0.505
22112210022 0.092651
12220121022 0.405
22010012 0.445232
10112202201 0.55
20101221201 0.55
20101020201 0.45
2000001200 0.495068
21121002220 0.55
2000001210 0.498856
2000001220 0.495
12200001210 0.4545
12200001212 0.497609
2201000021 0.45
12212001212 0.45
1000200200 0.45
20100200001 0.495
20100200010 0.50243
20100200011 0.509721
20201122101 0.45
21120200011 0.45
10002000210 0.493857
2211020000 0.5221
12011220202 0.45
22121000022 0.45
12012000220 0.6355
22121200120 0.595
20202110001 0.45
12011220221 0.45
1202000000 0.495
1202000010 0.493782
1202000020 0.493719
1202000021 0.49329
1202000022 0.498507
21002020102 0.32805
20122112001 0.45
21002020112 0.3916
2012001 0.49879
21002020121 0.3645
22121001220 0.55
2100000200 0.4995
2112220100 0.00538763
12002201002 0.45
11021220202 0.595
20012210022 0.506151
2100000210 0.495
222100120 0.500162
2100000211 0.502805
2100000212 0.495
2100000221 0.495
22012121002 0.156905
112020201 0.19371
112020212 0.215234
12220100 0.109552
12220101 0.0764425
12220102 0.442179
12012220121 0.0443147
21002122102 0.6355
211220000 0.460328
1000020200 0.495
10020022101 0.505
1000020202 0.4995
11202202110 0.45
11200002210 0.495
11200020210 0.45
21202210121 0.6355
11200020212 0.495
1020200000 0.505
211022000 0.51805
1020210 0.494038
10002002010 0.405
112222100 0.156905
20210020111 0.45
20020100002 0.502048
222011022 0.55
211020212 0.55
10211222001 0.45
1002020000 0.45
21120210211 0.55
1002020002 0.465007
21102020021 0.405
20022001102 0.517195
1002020021 0.460327
1002020022 0.47061
21022001002 0.45
22122110021 0.45
22122110022 0.73428
21102020012 0.4195
21102020022 0.405
21012220121 0.26572
2122100022 0.6355
2211221000 0.45
20012221101 0.45
12202210110 0.6355
20122001020 0.5095
2202101022 0.247711
22001120010 0.55
20102201001 0.45
21100020210 0.495
21221000 0.5095
20110022011 0.505
20210120001 0.45
20210120011 0.55
20210000011 0.45
20210000020 0.45
22002101002 0.51805
20102102010 0.45
10002002012 0.405
120020000 0.505
22110202 0.0443147
20210021 0.4995
10000020201 0.4995
22100001210 0.45
22100001220 0.45
122020112 0.595
20110020201 0.4905
20001002002 0.496989
10102200201 0.55
20001002012 0.501355
2201000010 0.45
21211202020 0.405
22020101002 0.51355
10222000120 0.4095
22001000 0.494246
22001012 0.49378
2121002000 0.51805
22001022 0.4545
12022001002 0.141457
21202102110 0.45
12022001012 0.496235
12022001020 0.127093
12022001022 0.0869136
20201020101 0.45
10022021001 0.45
20100000210 0.408073
20100000211 0.502382
12212200120 0.67195
22122010112 0.6355
20112122022 0.55
21000212 0.4995
21002120010 0.3645
21002120022 0.405
10002002002 0.45
10102220001 0.73428
12020102002 0.45
10002002001 0.503597
10002002020 0.405
10222010022 0.465475
122000012 0.497736
10002002022 0.45
11202002010 0.412695
11202002012 0.49095
102002000 0.32072
11202002022 0.48195
22000001022 0.45
2200001012 0.45
10122020001 0.73428
22012021112 0.45
10002221001 0.45
10002221022 0.495
2010200 0.50737
12221102022 0.595
12102220110 0.114384
12201002010 0.529026
12102220121 0.114384
21200010210 0.45
12100020210 0.495
12110220211 0.45
22120101211 0.45
2102120000 0.45
20000210021 0.50095
21122001 0.45
22120211011 0.55
10120220001 0.55
20011220002 0.495
2002001002 0.499462
2002001022 0.499335
202100010 0.495
12212201020 0.704755
20022001101 0.45855
22101000210 0.536721
21022000120 0.215234
21022001022 0.45
22110000211 0.525745
10022120002 0.572097
1022000012 0.473915
2021120000 0.51355
2200121 0.0855781
202001010 0.49905
202001020 0.502345
2202101000 0.253198
12100022011 0.505
20002201101 0.45855
11022122002 0.55
200021001 0.508195
20200000110 0.45
22112001 0.476781
2120002 0.506071
2120022 0.40095
10102020201 0.67195
20122001001 0.45
20122001012 0.4905
2102002 0.4905
12101222022 0.595
2201000000 0.504607
20102201020 0.45
2201000022 0.45
12201200020 0.495
20001022112 0.4995
12221210022 0.6355
201020000 0.499784
2002010021 0.501991
12112200220 0.6355
10201020201 0.505
20102020110 0.525813
21021000202 0.45
1202200100 0.45
20012102001 0.495
122010200 0.48645
20112002001 0.405
10000002202 0.505
12022010002 0.45
11022102202 0.55
2201001 0.495
22112022 0.0668672
1020201 0.487953
1020212 0.496624
1020221 0.49994
21222101022 0.32805
21200201011 0.55
21001020210 0.51355
20012102020 0.45
2001221000 0.50995
21122012012 0.295245
12201221010 0.45
20111222001 0.45
20102102020 0.45
12201221022 0.6355
200201001 0.4995
20220011001 0.520476
2200110 0.463145
12202201120 0.6355
20001021201 0.55
21202201110 0.45
2021210000 0.51355
1022001 0.49455
1022002 0.495
1022012 0.49801
12001202002 0.51355
1022022 0.51576
21001022010 0.495
20101022001 0.45
12011222022 0.55
22102100022 0.595
20001122001 0.505
22012000120 0.405
21102002012 0.334283
21001022002 0.45
201122000 0.517195
10222000101 0.3645
2002120 0.44145
21002102010 0.459635
20102102022 0.595
12002201010 0.510839
20202101001 0.4905
20102020121 0.45
11220022111 0.55
10222001012 0.495
10200000201 0.45
21200012010 0.495
22001122102 0.55
1222100 0.55
2001021212 0.495
2001200000 0.501719
20011220001 0.494176
2012221100 0.45
1200002010 0.50045
1212212000 0.55
21022000121 0.215234
20002012110 0.405
20200100001 0.495
20200100010 0.45
2012120000 0.45
20200100011 0.45
21220100011 0.45
20122000101 0.45
2122101220 0.127093
10000220001 0.495
20112002012 0.405
21202211010 0.45
21202211022 0.67195
22000001002 0.496305
20002210102 0.45
2201022 0.500355
20011220021 0.515876
12002201020 0.45
12002201022 0.462195
202000121 0.495
21222010121 0.6355
22122011012 0.45
22122011022 0.704755
2002010000 0.452977
12021002002 0.546927
2002010002 0.433902
2002010010 0.486374
2002010012 0.478305
2002010022 0.493024
22100012011 0.55
22002110021 0.239148
22010012002 0.45
1022000002 0.495
21022010022 0.114384
22111020212 0.704755
12220010011 0.5095
22101022112 0.55
12202000120 0.45855
2022100100 0.495
12222100121 0.0607883
20022010101 0.4545
201200001 0.495
2022010100 0.495
2200100 0.311302
12020201002 0.45
12222010121 0.67195
22100001 0.48645
22100010210 0.45
20022001120 0.55
2022001100 0.495
2022001102 0.45855
2022001112 0.4995
20212000121 0.45
20102201010 0.479524
2002100002 0.298197
2002100020 0.30487
2022110002 0.3645
2002100022 0.305449
22110200011 0.500614
12202100010 0.45
2101020200 0.495
2101020210 0.4545
2101020212 0.514
20012102002 0.405
10112220201 0.67195
22002110022 0.220017
22002011002 0.495
22002011010 0.45
22001012002 0.55
22002011012 0.405
22002011022 0.704755
2012010 0.49645
1202012012 0.4905
2012012 0.4905
2012022 0.4905
22002100102 0.595
2222101100 0.45
2002000102 0.217386
2002000112 0.462068
2200101 0.12379
22001121202 0.45
2200102 0.293606
2200120 0.106324
12002200120 0.45
22112200120 0.3645
20012200102 0.48645
20002210101 0.4545
20102021022 0.26572
22011000221 0.45
2020100 0.26572
2020101 0.430891
2020112 0.245629
22102121022 0.704755
21112202020 0.45
20112002020 0.405
200201000 0.496548
12002221102 0.19371
202100020 0.495
202100021 0.45
202100022 0.4955
12222110022 0.26572
2102000 0.45
2102020 0.486085
22102211022 0.6355
22000000110 0.45
21002001 0.495
202211000 0.45855
2122001012 0.514158
2102201000 0.32805
2102120022 0.595
2102201020 0.45855
2102201022 0.26572
12200201011 0.525745
21022012102 0.45
2122100000 0.45
2122100020 0.5095
21002102020 0.48645
21122102020 0.45
21122102022 0.67195
2112020000 0.45
2112020012 0.4905
21212102020 0.32805
21212102022 0.3645
20012012012 0.405
2012200102 0.45
21000002010 0.5005
102002001 0.511118
2122001000 0.3645
22100100210 0.45
21000200 0.4995
2202101010 0.239148
2102120010 0.494485
12022021102 0.405
21000200002 0.5005
102000201 0.3816
102000210 0.405
1002012212 0.45
2101002210 0.4995
102000220 0.45
102000221 0.45
2112120200 0.3645
2101002200 0.495
2112120221 0.405
22012211002 0.45
20102021010 0.26572
20021000022 0.49545
22021000112 0.45
20002112002 0.405
20002102101 0.495
20002102102 0.55
21022100 0.55
12022100020 0.295245
22101200020 0.6355
2210001 0.49545
2210010 0.513335
102220101 0.277087
12002210002 0.45
20102012010 0.405
200201011 0.505
220100000 0.502793
20002012102 0.45
20210001 0.496
1002212002 0.495
21120002012 0.4545
102212000 0.45
22000001011 0.45
10021202001 0.517195
22000001012 0.45
10222010012 0.476572
22000001020 0.45
22120100 0.45855
2102001210 0.0675426
22121201020 0.6355
202010001 0.49622
202010010 0.495
12200210010 0.595
202010012 0.495
202010022 0.4905
12202010010 0.55
20102212101 0.45
22012010002 0.414614
22012010012 0.405
22012010021 0.405
202012100 0.45
1222001020 0.4455
21102212022 0.45
1202012022 0.495
12012221022 0.405
202102100 0.45
12002210010 0.595
21120002011 0.4455
22021001012 0.45
21120002020 0.479524
220010000 0.50095
1002012200 0.51355
11022012202 0.55
11202012210 0.6355
20102210010 0.4905
12200121210 0.45
20012210001 0.455
20012210021 0.495
102210200 0.505
12102210210 0.6355
20002021101 0.45
212210000 0.6355
22001010202 0.55
2010210 0.45
22120011211 0.55
1202212100 0.45
21022100020 0.238925
11002212210 0.55
12012200 0.55
22010000 0.0885027
21210200 0.45
22010001 0.186049
1102202000 0.595
22010002 0.278098
22010021 0.0919046
22010022 0.0976738
20002121001 0.239148
20002121002 0.25252
20002121010 0.265307
20002121022 0.239148
21022010002 0.114384
21022010012 0.120425
21022010021 0.114384
20022011002 0.45
20022011012 0.495
20022011022 0.55
2010201 0.45
2122010022 0.215234
20022110001 0.45
20022110022 0.583501
2022111202 0.405
21022112002 0.019076
12002010210 0.704755
12020012002 0.45
222010101 0.51355
222111201 0.45
20002021102 0.45
20022101002 0.45
1002021200 0.45
2001200 0.500364
2221101 0.4905
2221102 0.498431
20102120001 0.405
20102120021 0.45
20012120001 0.45
102122001 0.495
2002120102 0.55
22110200 0.499229
22110221 0.115547
10022012022 0.45
22121102020 0.55
22022111002 0.45
22022111022 0.6355
2022011012 0.50733
2022011022 0.595
12202101210 0.45
222011000 0.4995
222011001 0.462195
222011012 0.495
12022011202 0.45
12212000 0.55
20222111001 0.45
20222111022 0.595
10022010201 0.495
10022010202 0.47061
2200001000 0.502241
12001002202 0.5095
2200001022 0.45
11002022002 0.55
21202201120 0.67195
10221002012 0.5076
1222001000 0.45
20100002010 0.491355
20100002011 0.49545
20100002012 0.495
20100002020 0.505
22000010010 0.45
22000010021 0.45
10222101201 0.45
22000010022 0.45
21002221102 0.45
20102221101 0.405
2202011000 0.588699
11020202002 0.55
2100002000 0.45
2100002010 0.495
2100002011 0.50217
2202010112 0.45
20001200001 0.497637
2002201100 0.495
2002201102 0.45
10002220101 0.26572
2002201120 0.6355
12202201110 0.45
21210002011 0.5045
2002021100 0.45
2002021110 0.403971
2002021112 0.42534
1200200000 0.495
20102012012 0.4645
2102221100 0.239148
21022100021 0.239148
12020211202 0.45
2102200110 0.215199
2102200120 0.26572
22102201120 0.67195
102122000 0.45
12210221011 0.405
102122010 0.5005
20122100021 0.465475
20122100022 0.6355
21102122022 0.55
20112122001 0.45
102120200 0.400675
102120201 0.3645
2102020100 0.48645
2102020112 0.784766
122020100 0.40905
122020101 0.45
10122022101 0.55
102220100 0.348424
102220110 0.422144
102220121 0.215234
10012222101 0.45
102002010 0.464377
102002012 0.371426
102002020 0.478451
12022121022 0.295245
2102001200 0.492291
10002000201 0.495
10002000202 0.495095
10002000212 0.495
10002000220 0.528711
10202201020 0.45
12022100002 0.26572
12022100021 0.499751
12022100022 0.301586
222110021 0.510875
2120010200 0.4905
2010202 0.405
2010212 0.405
2010221 0.45
1002002000 0.5095
11022002002 0.55
20211200 0.495
22000000112 0.45
22002001120 0.704755
22021001002 0.45
21200020 0.501805
12021200002 0.51355
20211200020 0.45
1012022000 0.45
21221200121 0.55
1222101200 0.45
20002211002 0.462195
1222101220 0.45
22101120210 0.595
10202000 0.495
10202001 0.495
201120200 0.45
12010202002 0.45
12010202011 0.51355
102022100 0.45
2002121000 0.45
2010000200 0.495
102022112 0.825661
10202000010 0.495
10202000020 0.496326
10202000021 0.455415
10202000022 0.48195
22121000 0.495
10022121201 0.45
2100200000 0.48645
2100200010 0.495855
11002002202 0.55
22000000102 0.5005
22000000121 0.45
22120000111 0.45
21102002010 0.45
22000101202 0.4905
22120000112 0.55
12012000202 0.4905
12012000212 0.405
20021210001 0.5095
20122112022 0.704755
222001100 0.45
222001101 0.45
222001112 0.495
10212200020 0.595
222001120 0.55
2002100 0.405
2002101 0.500194
2002102 0.412695
2002112 0.405
10222001001 0.45
22012000112 0.405
2202100100 0.258602
11221002212 0.405
2202100110 0.239148
2202100120 0.239148
122012000 0.45
12222001120 0.595
10222000112 0.384253
10222000121 0.3645
21002002102 0.50405
10212000201 0.45
21122002112 0.760852
21122002120 0.45
10021220001 0.527928
22002001102 0.50226
21002000 0.499433
21002002 0.503749
2202001100 0.462195
2202001110 0.45
2202001112 0.45
2202001120 0.6355
22022101102 0.55
1002202100 0.4905
1002202102 0.482805
1002202120 0.49595
11202202120 0.45
22001120002 0.45
10002220121 0.268453
22012211022 0.595
21102202120 0.32805
21011220202 0.45
122000 0.5005
12000122010 0.505
20111220201 0.45
20100022101 0.45
22001020110 0.45
20002211001 0.45
20002211010 0.4995
20002211022 0.55
10000200202 0.505
10021020201 0.51355
2012020102 0.523428
22112000 0.105574
11222102022 0.45
1202000 0.496219
12200010210 0.55
200010200 0.505
2202101020 0.239148
21000201 0.495
21000220 0.500865
22010000011 0.45
20210002 0.495
12000120202 0.45
11021222002 0.6355
12002100202 0.45
1222011200 0.45
1220210000 0.45
22022110102 0.704755
22022110121 0.55
2122121022 0.784766
10222001020 0.517079
10102022001 0.595
21020000002 0.48645
200001200 0.495
12022120102 0.6355
22001000022 0.490905
12202211010 0.843095
220000100 0.503743
10022000001 0.434152
10022000012 0.500386
10022000020 0.215234
10022000021 0.446096
21200102010 0.482805
20222101101 0.45
21102002020 0.419904
21102002022 0.509516
10212200001 0.45
200201010 0.498645
12202011210 0.858785
22112002 0.139861
12201200010 0.468428
2201001200 0.45
1200002000 0.49905
2000012000 0.4995
12200012010 0.55
2112200000 0.45
22000201102 0.517195
2000210000 0.505
201221000 0.51355
202201100 0.5095
21002212102 0.45
222100100 0.435809
222100101 0.487805
222100121 0.41634
1022002100 0.4905
1022002102 0.462195
1022002112 0.510452
1022002120 0.495
11222002112 0.3645
11222002120 0.405
22012210102 0.45
1102222100 0.704755
1002022100 0.45
1002022102 0.505
21102022112 0.595
22001100202 0.505
22121100220 0.595
10222100001 0.45
12211202020 0.67195
21021012202 0.55
10002220102 0.27392
1202200120 0.462195
122102001 0.535623
1202200121 0.465475
20221010001 0.51355
2101002212 0.4995
20202001112 0.45
22001200102 0.5095
1212202100 0.45
21102221010 0.45
11000220202 0.55
22101102210 0.595
12200201010 0.491828
12021221022 0.595
22001001202 0.505
12202100 0.45
11220021211 0.55
201002000 0.503384
12220100011 0.527928
20202001101 0.45
2201001210 0.45
20020000101 0.5005
21211002212 0.595
10220201001 0.505
112220000 0.505
1201220010 0.45
20010200001 0.495
20010200002 0.499567
20010200011 0.495
20010200020 0.495926
21210200011 0.45
21210200020 0.495
21220211011 0.55
20021000002 0.495
22120102 0.55
200210000 0.5095
1222102100 0.45
20210000 0.495
20210011 0.496548
12020210002 0.45
102202120 0.495
20121002001 0.4545
1220021000 0.45
20220101001 0.48645
10222100020 0.479524
20120210001 0.45
10012200202 0.524526
20001120201 0.505
10202201010 0.465475
20000200101 0.495
10012220001 0.45
10012220002 0.514458
10012220022 0.426626
2100020000 0.49735
22101002010 0.52615
22111202020 0.595
122102000 0.45
122102020 0.4545
202211001 0.465475
201000220 0.45
10102002201 0.55
1102002200 0.595
10100220201 0.55
12121002220 0.704755
20100122001 0.45
122100221 0.45
1002200000 0.505
122100200 0.5095
2101202000 0.505
102212001 0.4905
10021002201 0.495
2212211000 0.55
1200200010 0.4995
22001000010 0.45
22001000012 0.405
22001000020 0.45
10222012101 0.45
10222010021 0.49145
1012222100 0.45
2102010200 0.4905
11002220002 0.55
10222010001 0.45
1000220000 0.4995
2001002002 0.49995
12221012022 0.55
20021000001 0.495
10221002001 0.495
2022110022 0.408685
20121000201 0.45
1000202000 0.5095
20222110121 0.704755
20022112102 0.67195
2012210000 0.55
20212211001 0.45
12210200 0.6355
21102200 0.495
12021102202 0.45
10001202201 0.45
20021010201 0.505
10221200001 0.5095
222112100 0.405
21001222102 0.45
2012200120 0.469526
22001210022 0.45
10002202101 0.45
2002011210 0.405
2002011212 0.45
1002201 0.4995
1002202 0.502129
122112200 0.45
1201202000 0.51355
1201002200 0.4905
2210000000 0.51355
2021010212 0.505
11202212010 0.55
22011002002 0.5095
20211002001 0.49905
22021110202 0.55
221210000 0.5095
21221000012 0.45
22020011002 0.520476
2000201000 0.499898
2210000020 0.45
2000201011 0.502493
12210221022 0.45
20121200001 0.45
20121200021 0.462195
20020100001 0.49905
10201002201 0.4905
21121002212 0.45
20101002201 0.4995
10122002001 0.55
1020000200 0.505
10200102201 0.495
11220102211 0.45
22000101220 0.45
22120101220 0.45
2111202200 0.45
22000011202 0.45
20121000212 0.5095
21021002002 0.45
1201020200 0.45
1201020210 0.45
2001120200 0.51355
20120201001 0.45
121002200 0.51355
121202000 0.517195
2012211202 0.45
1220201000 0.45
20210201001 0.48645
20201201001 0.55
20201002 0.495
21020201002 0.45
20011202001 0.495
10202210010 0.55
21101202210 0.45
21212000 0.505
12021212002 0.55
10012202001 0.517195
1122122000 0.55
21021212002 0.55
12210000211 0.45
11012222002 0.55
10022002101 0.48645
12220021111 0.55
2122011200 0.45
20101200201 0.5095
2221100020 0.45
2121102200 0.45
2212201120 0.55
1202010200 0.45
1220000000 0.48645
2002110202 0.45
1210202000 0.45
20200000101 0.49545
20200000111 0.45
22010210002 0.459265
21011202202 0.45
10221102201 0.45
22001102002 0.5095
10112222001 0.55
12122000 0.45
120200000 0.502793
